   0    1     0.000   1
   1    1     0.000   1
   1    2  1112.283   1
   1    3  2827.266   1
   2    3  2572.681   1
   3    3 -2267.000   0
   1    4  1400.351   1
   2    4  7073.915   1
   3    4  1153.761   1
   1    5  1336.360   1
   2    5  5481.132   1
   3    5  5266.132   1
   4    5  -154.000   0
   1    6   963.633   1
   2    6  4878.017   1
   3    6  5332.345   1
   4    6  4487.262   1
   5    6   152.000   0
   1    7   940.000   0
   2    7  4119.070   1
   3    7  5606.291   1
   4    7  5371.400   1
   5    7  3531.306   1
   2    8  3925.975   1
   3    8  5159.582   1
   4    8  7062.435   1
   5    8  4717.164   1
   6    8  3097.800   1
   2    9  3348.637   1
   3    9  5037.839   1
   4    9  6462.758   1
   5    9  6257.160   1
   6    9  4337.476   1
   2   10  3033.927   1
   3   10  4531.555   1
   4   10  6497.711   1
   5   10  6475.071   1
   6   10  6032.041   1
   7   10  3643.660   1
   3   11  4149.104   1
   4   11  5952.822   1
   5   11  6927.711   1
   6   11  6676.370   1
   7   11  5364.045   1
   3   12  3701.000   0
   4   12  5720.826   1
   5   12  6631.264   1
   6   12  7680.144   1
   7   12  6170.108   1
   8   12  4879.090   1
   4   13  5273.070   1
   5   13  6496.402   1
   6   13  7469.849   1
   7   13  7238.863   1
   8   13  5811.994   1
   4   14  4993.897   1
   5   14  6101.645   1
   6   14  7520.319   1
   7   14  7475.614   1
   8   14  7052.308   1
   9   14  5236.000   0
   4   15  4543.000   0
   5   15  5879.050   1
   6   15  7100.169   1
   7   15  7699.459   1
   8   15  7463.692   1
   9   15  6483.551   1
   4   16  4271.000   0
   5   16  5509.228   1
   6   16  6922.054   1
   7   16  7373.812   1
   8   16  7976.206   1
   9   16  6963.731   1
  10   16  6082.572   1
   5   17  5266.461   1
   6   17  6557.616   1
   7   17  7286.153   1
   8   17  7750.731   1
   9   17  7542.328   1
  10   17  6642.825   1
   5   18  4947.000   0
   6   18  6425.747   1
   7   18  7038.490   1
   8   18  7767.025   1
   9   18  7631.605   1
  10   18  7341.282   1
  11   18  6249.329   1
   5   19  4741.000   0
   6   19  6117.909   1
   7   19  6948.235   1
   8   19  7566.389   1
   9   19  7779.015   1
  10   19  7567.375   1
  11   19  6938.021   1
  12   19  5838.251   1
   6   20  5958.733   1
   7   20  6709.240   1
   8   20  7568.505   1
   9   20  7720.131   1
  10   20  8032.240   1
  11   20  7298.641   1
  12   20  6723.392   1
   6   21  5659.000   0
   7   21  6608.099   1
   8   21  7389.332   1
   9   21  7738.290   1
  10   21  7971.713   1
  11   21  7765.524   1
  12   21  7104.714   1
  13   21  6343.000   0
   6   22  5436.000   0
   7   22  6366.085   1
   8   22  7364.821   1
   9   22  7624.294   1
  10   22  8080.465   1
  11   22  7915.709   1
  12   22  7662.626   1
  13   22  6783.000   0
  14   22  6111.000   0
   7   23  6164.000   0
   8   23  7163.850   1
   9   23  7620.410   1
  10   23  7955.255   1
  11   23  8111.493   1
  12   23  7901.126   1
  13   23  7334.792   1
  14   23  6562.000   0
   7   24  5862.000   0
   8   24  7015.935   1
   9   24  7462.957   1
  10   24  7993.319   1
  11   24  8063.496   1
  12   24  8260.709   1
  13   24  7649.919   1
  14   24  7166.837   1
  15   24  6249.000   0
   7   25  5592.000   0
   8   25  6723.000   0
   9   25  7338.764   1
  10   25  7842.701   1
  11   25  8101.397   1
  12   25  8223.504   1
  13   25  8021.144   1
  14   25  7480.230   1
  15   25  6847.000   0
   8   26  6457.000   0
   9   26  7097.744   1
  10   26  7753.891   1
  11   26  8004.260   1
  12   26  8333.872   1
  13   26  8149.771   1
  14   26  7924.847   1
  15   26  7198.000   0
  16   26  6591.000   0
   8   27  6175.000   0
   9   27  6887.318   1
  10   27  7519.709   1
  11   27  7956.933   1
  12   27  8263.854   1
  13   27  8331.545   1
  14   27  8124.334   1
  15   27  7663.237   1
  16   27  6958.000   0
   8   28  5925.000   0
   9   28  6633.000   0
  10   28  7390.315   1
  11   28  7799.297   1
  12   28  8272.406   1
  13   28  8309.886   1
  14   28  8447.744   1
  15   28  7907.873   1
  16   28  7478.790   1
  17   28  6648.000   0
   9   29  6439.000   0
  10   29  7178.857   1
  11   29  7682.668   1
  12   29  8113.761   1
  13   29  8348.725   1
  14   29  8448.634   1
  15   29  8251.228   1
  16   29  7748.629   1
  17   29  7159.000   0
   9   30  6206.000   0
  10   30  7040.467   1
  11   30  7505.754   1
  12   30  8055.401   1
  13   30  8261.381   1
  14   30  8520.653   1
  15   30  8353.496   1
  16   30  8122.817   1
  17   30  7480.000   0
  18   30  6932.000   0
   9   31  6028.000   0
  10   31  6824.000   0
  11   31  7385.492   1
  12   31  7872.260   1
  13   31  8225.611   1
  14   31  8458.290   1
  15   31  8481.178   1
  16   31  8281.869   1
  17   31  7870.261   1
  18   31  7253.000   0
  10   32  6662.000   0
  11   32  7206.621   1
  12   32  7807.774   1
  13   32  8099.175   1
  14   32  8481.569   1
  15   32  8464.130   1
  16   32  8493.134   1
  17   32  8072.251   1
  18   32  7700.003   1
  19   32  6969.000   0
  10   33  6440.000   0
  11   33  7056.314   1
  12   33  7638.522   1
  13   33  8021.586   1
  14   33  8360.402   1
  15   33  8513.811   1
  16   33  8497.634   1
  17   33  8304.758   1
  18   33  7928.950   1
  19   33  7416.000   0
  10   34  6279.000   0
  11   34  6855.000   0
  12   34  7536.118   1
  13   34  7858.434   1
  14   34  8336.138   1
  15   34  8448.449   1
  16   34  8583.501   1
  17   34  8398.961   1
  18   34  8197.640   1
  19   34  7678.000   0
  20   34  7224.000   0
  11   35  6695.000   0
  12   35  7342.000   0
  13   35  7784.451   1
  14   35  8168.673   1
  15   35  8446.247   1
  16   35  8537.855   1
  17   35  8520.278   1
  18   35  8327.465   1
  19   35  7965.726   1
  20   35  7493.000   0
  11   36  6500.000   0
  12   36  7215.000   0
  13   36  7628.193   1
  14   36  8113.807   1
  15   36  8307.866   1
  16   36  8575.387   1
  17   36  8521.927   1
  18   36  8519.909   1
  19   36  8142.472   1
  20   36  7815.551   1
  21   36  7229.000   0
  11   37  6345.000   0
  12   37  7027.000   0
  13   37  7527.619   1
  14   37  7953.132   1
  15   37  8267.505   1
  16   37  8459.934   1
  17   37  8570.280   1
  18   37  8527.139   1
  19   37  8339.847   1
  20   37  8004.150   1
  21   37  7550.000   0
  12   38  6903.000   0
  13   38  7381.288   1
  14   38  7890.118   1
  15   38  8150.860   1
  16   38  8448.782   1
  17   38  8505.480   1
  18   38  8614.273   1
  19   38  8438.057   1
  20   38  8240.062   1
  21   38  7769.000   0
  22   38  7379.000   0
  12   39  6713.000   0
  13   39  7261.909   1
  14   39  7741.034   1
  15   39  8100.510   1
  16   39  8344.258   1
  17   39  8494.402   1
  18   39  8562.593   1
  19   39  8557.020   1
  20   39  8369.457   1
  21   39  8013.336   1
  22   39  7592.000   0
  12   40  6581.000   0
  13   40  7085.000   0
  14   40  7660.819   1
  15   40  7980.608   1
  16   40  8330.043   1
  17   40  8427.765   1
  18   40  8595.259   1
  19   40  8538.083   1
  20   40  8551.301   1
  21   40  8173.666   1
  22   40  7862.283   1
  23   40  7363.000   0
  13   41  6952.000   0
  14   41  7473.380   1
  15   41  7913.788   1
  16   41  8229.892   1
  17   41  8412.958   1
  18   41  8534.371   1
  19   41  8576.061   1
  20   41  8546.703   1
  21   41  8369.198   1
  22   41  8034.000   0
  23   41  7637.000   0
  13   42  6789.000   0
  14   42  7372.000   0
  15   42  7769.554   1
  16   42  8194.173   1
  17   42  8347.819   1
  18   42  8555.613   1
  19   42  8551.245   1
  20   42  8616.559   1
  21   42  8444.935   1
  22   42  8259.649   1
  23   42  7837.000   0
  24   42  7482.000   0
  14   43  7196.000   0
  15   43  7664.314   1
  16   43  8058.473   1
  17   43  8324.068   1
  18   43  8488.237   1
  19   43  8576.635   1
  20   43  8600.659   1
  21   43  8530.821   1
  22   43  8352.933   1
  23   43  8072.000   0
  24   43  7684.000   0
  14   44  7076.000   0
  15   44  7530.000   0
  16   44  7994.013   1
  17   44  8228.843   1
  18   44  8493.836   1
  19   44  8547.340   1
  20   44  8658.170   1
  21   44  8557.381   1
  22   44  8533.518   1
  23   44  8210.463   1
  24   44  7951.000   0
  25   44  7481.000   0
  15   45  7413.000   0
  16   45  7865.431   1
  17   45  8183.823   1
  18   45  8419.947   1
  19   45  8554.508   1
  20   45  8630.540   1
  21   45  8618.840   1
  22   45  8555.631   1
  23   45  8379.887   1
  24   45  8075.515   1
  25   45  7750.000   0
  26   45  7318.000   0
  15   46  7262.000   0
  16   46  7784.000   0
  17   46  8101.934   1
  18   46  8411.271   1
  19   46  8518.137   1
  20   46  8668.885   1
  21   46  8621.922   1
  22   46  8656.356   1
  23   46  8486.079   1
  24   46  8303.870   1
  25   46  7915.000   0
  26   46  7613.000   0
  16   47  7635.000   0
  17   47  8012.000   0
  18   47  8322.926   1
  19   47  8514.544   1
  20   47  8639.257   1
  21   47  8664.995   1
  22   47  8661.121   1
  23   47  8582.127   1
  24   47  8407.106   1
  25   47  8129.000   0
  26   47  7779.000   0
  27   47  7394.000   0
  16   48  7536.000   0
  17   48  7892.000   0
  18   48  8272.000   0
  19   48  8430.887   1
  20   48  8666.467   1
  21   48  8656.043   1
  22   48  8722.903   1
  23   48  8623.013   1
  24   48  8572.210   1
  25   48  8274.750   1
  26   48  8026.000   0
  27   48  7597.000   0
  28   48  7232.000   0
  16   49  7367.000   0
  17   49  7794.000   0
  18   49  8154.000   0
  19   49  8386.719   1
  20   49  8594.630   1
  21   49  8686.074   1
  22   49  8711.055   1
  23   49  8682.806   1
  24   49  8613.239   1
  25   49  8439.826   1
  26   49  8158.000   0
  27   49  7836.000   0
  28   49  7441.000   0
  17   50  7659.000   0
  18   50  8080.000   0
  19   50  8281.068   1
  20   50  8549.795   1
  21   50  8633.469   1
  22   50  8755.618   1
  23   50  8695.869   1
  24   50  8700.981   1
  25   50  8532.680   1
  26   50  8354.008   1
  27   50  7993.000   0
  28   50  7709.000   0
  17   51  7546.000   0
  18   51  7948.000   0
  19   51  8211.000   0
  20   51  8467.716   1
  21   51  8596.590   1
  22   51  8708.890   1
  23   51  8742.051   1
  24   51  8711.954   1
  25   51  8633.723   1
  26   51  8461.147   1
  27   51  8192.000   0
  28   51  7866.000   0
  18   52  7858.000   0
  19   52  8097.000   0
  20   52  8395.590   1
  21   52  8531.457   1
  22   52  8691.571   1
  23   52  8714.535   1
  24   52  8775.944   1
  25   52  8670.294   1
  26   52  8609.598   1
  27   52  8317.000   0
  28   52  8086.000   0
  29   52  7686.000   0
  18   53  7719.000   0
  19   53  8017.000   0
  20   53  8302.000   0
  21   53  8471.000   0
  22   53  8630.132   1
  23   53  8710.088   1
  24   53  8760.155   1
  25   53  8734.133   1
  26   53  8648.757   1
  27   53  8477.382   1
  28   53  8212.000   0
  29   53  7897.000   0
  19   54  7896.000   0
  20   54  8224.000   0
  21   54  8400.753   1
  22   54  8596.924   1
  23   54  8662.002   1
  24   54  8777.914   1
  25   54  8737.923   1
  26   54  8736.344   1
  27   54  8569.209   1
  28   54  8391.781   1
  29   54  8053.000   0
  30   54  7758.000   0
  19   55  7806.000   0
  20   55  8116.000   0
  21   55  8310.432   1
  22   55  8516.021   1
  23   55  8637.817   1
  24   55  8731.884   1
  25   55  8764.988   1
  26   55  8746.560   1
  27   55  8669.575   1
  28   55  8497.315   1
  29   55  8234.000   0
  30   55  7916.000   0
  20   56  8032.000   0
  21   56  8229.000   0
  22   56  8459.266   1
  23   56  8572.855   1
  24   56  8723.191   1
  25   56  8738.300   1
  26   56  8790.323   1
  27   56  8694.817   1
  28   56  8642.709   1
  29   56  8355.000   0
  30   56  8112.000   0
  31   56  7723.000   0
  20   57  7922.000   0
  21   57  8146.000   0
  22   57  8357.848   1
  23   57  8530.874   1
  24   57  8663.384   1
  25   57  8736.723   1
  26   57  8770.249   1
  27   57  8741.858   1
  28   57  8670.901   1
  29   57  8503.274   1
  30   57  8235.000   0
  31   57  7925.000   0
  21   58  8050.000   0
  22   58  8305.000   0
  23   58  8454.330   1
  24   58  8641.290   1
  25   58  8698.010   1
  26   58  8792.221   1
  27   58  8738.947   1
  28   58  8732.041   1
  29   58  8570.869   1
  30   58  8395.926   1
  31   58  8067.000   0
  32   58  7784.000   0
  21   59  7963.000   0
  22   59  8207.000   0
  23   59  8394.581   1
  24   59  8564.795   1
  25   59  8680.146   1
  26   59  8754.743   1
  27   59  8768.013   1
  28   59  8736.570   1
  29   59  8641.981   1
  30   59  8474.539   1
  31   59  8239.000   0
  32   59  7935.000   0
  21   60  7864.000   0
  22   60  8145.000   0
  23   60  8314.372   1
  24   60  8533.443   1
  25   60  8631.637   1
  26   60  8755.831   1
  27   60  8746.745   1
  28   60  8780.757   1
  29   60  8665.585   1
  30   60  8583.273   1
  31   60  8334.000   0
  32   60  8117.000   0
  33   60  7748.000   0
  22   61  8046.000   0
  23   61  8258.000   0
  24   61  8454.995   1
  25   61  8595.859   1
  26   61  8703.782   1
  27   61  8756.154   1
  28   61  8765.009   1
  29   61  8715.507   1
  30   61  8610.253   1
  31   61  8445.706   1
  32   61  8214.000   0
  33   61  7944.000   0
  22   62  7982.000   0
  23   62  8175.000   0
  24   62  8420.321   1
  25   62  8530.674   1
  26   62  8693.248   1
  27   62  8721.448   1
  28   62  8794.549   1
  29   62  8718.249   1
  30   62  8679.398   1
  31   62  8518.860   1
  32   62  8349.000   0
  33   62  8058.000   0
  22   63  7881.000   0
  23   63  8118.000   0
  24   63  8337.000   0
  25   63  8496.595   1
  26   63  8630.124   1
  27   63  8717.619   1
  28   63  8763.489   1
  29   63  8752.134   1
  30   63  8686.279   1
  31   63  8583.926   1
  32   63  8419.000   0
  33   63  8198.000   0
  23   64  8031.000   0
  24   64  8296.000   0
  25   64  8431.599   1
  26   64  8609.280   1
  27   64  8675.525   1
  28   64  8777.467   1
  29   64  8739.070   1
  30   64  8735.898   1
  31   64  8611.654   1
  32   64  8529.361   1
  33   64  8285.000   0
  23   65  7968.000   0
  24   65  8210.000   0
  25   65  8396.148   1
  26   65  8541.116   1
  27   65  8656.649   1
  28   65  8736.246   1
  29   65  8757.096   1
  30   65  8724.259   1
  31   65  8662.154   1
  32   65  8554.079   1
  33   65  8397.000   0
  34   65  8169.000   0
  24   66  8163.000   0
  25   66  8324.000   0
  26   66  8514.234   1
  27   66  8601.438   1
  28   66  8739.508   1
  29   66  8731.472   1
  30   66  8759.636   1
  31   66  8669.373   1
  32   66  8625.701   1
  33   66  8460.482   1
  34   66  8300.000   0
  24   67  8075.000   0
  25   67  8278.000   0
  26   67  8449.695   1
  27   67  8577.850   1
  28   67  8695.750   1
  29   67  8737.447   1
  30   67  8734.154   1
  31   67  8707.540   1
  32   67  8632.850   1
  33   67  8531.472   1
  34   67  8368.000   0
  35   67  8152.000   0
  25   68  8204.000   0
  26   68  8406.422   1
  27   68  8515.833   1
  28   68  8682.466   1
  29   68  8701.890   1
  30   68  8755.682   1
  31   68  8701.220   1
  32   68  8688.151   1
  33   68  8557.814   1
  34   68  8477.420   1
  35   68  8237.000   0
  25   69  8155.000   0
  26   69  8333.000   0
  27   69  8489.857   1
  28   69  8623.099   1
  29   69  8695.203   1
  30   69  8722.731   1
  31   69  8724.578   1
  32   69  8680.962   1
  33   69  8611.451   1
  34   69  8501.777   1
  35   69  8348.000   0
  36   69  8133.000   0
  26   70  8294.000   0
  27   70  8421.601   1
  28   70  8603.377   1
  29   70  8646.861   1
  30   70  8729.806   1
  31   70  8709.279   1
  32   70  8721.717   1
  33   70  8621.684   1
  34   70  8577.695   1
  35   70  8415.000   0
  36   70  8264.000   0
  26   71  8221.000   0
  27   71  8391.740   1
  28   71  8540.304   1
  29   71  8635.022   1
  30   71  8689.014   1
  31   71  8717.620   1
  32   71  8703.326   1
  33   71  8663.949   1
  34   71  8585.635   1
  35   71  8489.362   1
  36   71  8335.526   1
  37   71  8119.000   0
  26   72  8182.000   0
  27   72  8324.000   0
  28   72  8516.242   1
  29   72  8586.525   1
  30   72  8691.609   1
  31   72  8687.104   1
  32   72  8731.745   1
  33   72  8660.378   1
  34   72  8644.854   1
  35   72  8510.665   1
  36   72  8429.323   1
  37   72  8199.000   0
  27   73  8289.000   0
  28   73  8454.000   0
  29   73  8568.557   1
  30   73  8645.837   1
  31   73  8693.873   1
  32   73  8705.049   1
  33   73  8689.663   1
  34   73  8641.425   1
  35   73  8567.849   1
  36   73  8460.184   1
  37   73  8306.000   0
  38   73  8098.000   0
  27   74  8222.000   0
  28   74  8429.000   0
  29   74  8521.562   1
  30   74  8642.107   1
  31   74  8663.166   1
  32   74  8725.200   1
  33   74  8680.000   1
  34   74  8687.708   1
  35   74  8583.803   1
  36   74  8533.034   1
  37   74  8381.726   1
  38   74  8220.000   0
  27   75  8183.000   0
  28   75  8365.000   0
  29   75  8490.407   1
  30   75  8591.299   1
  31   75  8660.808   1
  32   75  8695.602   1
  33   75  8700.850   1
  34   75  8678.907   1
  35   75  8628.076   1
  36   75  8553.439   1
  37   75  8448.315   1
  38   75  8296.551   1
  28   76  8331.000   0
  29   76  8443.527   1
  30   76  8580.083   1
  31   76  8624.526   1
  32   76  8705.238   1
  33   76  8682.792   1
  34   76  8711.478   1
  35   76  8635.883   1
  36   76  8608.815   1
  37   76  8486.225   1
  38   76  8393.879   1
  39   76  8179.000   0
  28   77  8264.000   0
  29   77  8408.000   0
  30   77  8529.135   1
  31   77  8613.390   1
  32   77  8671.044   1
  33   77  8695.981   1
  34   77  8694.691   1
  35   77  8666.808   1
  36   77  8616.836   1
  37   77  8537.261   1
  38   77  8435.926   1
  39   77  8284.000   0
  28   78  8230.000   0
  29   78  8354.000   0
  30   78  8505.576   1
  31   78  8577.135   1
  32   78  8671.665   1
  33   78  8673.881   1
  34   78  8717.808   1
  35   78  8661.960   1
  36   78  8661.256   1
  37   78  8558.361   1
  38   78  8500.096   1
  39   78  8354.000   0
  40   78  8205.000   0
  29   79  8320.000   0
  30   79  8450.000   0
  31   79  8555.580   1
  32   79  8634.019   1
  33   79  8676.622   1
  34   79  8695.593   1
  35   79  8687.600   1
  36   79  8657.118   1
  37   79  8601.147   1
  38   79  8523.816   1
  39   79  8423.786   1
  40   79  8275.000   0
  29   80  8243.000   0
  30   80  8425.997   1
  31   80  8507.347   1
  32   80  8627.318   1
  33   80  8650.590   1
  34   80  8710.819   1
  35   80  8677.659   1
  36   80  8692.917   1
  37   80  8611.642   1
  38   80  8578.555   1
  39   80  8455.145   1
  40   80  8374.107   1
  30   81  8351.000   0
  31   81  8487.744   1
  32   81  8580.801   1
  33   81  8648.056   1
  34   81  8686.005   1
  35   81  8695.918   1
  36   81  8682.793   1
  37   81  8645.490   1
  38   81  8587.348   1
  39   81  8509.661   1
  40   81  8407.053   1
  41   81  8261.000   0
  30   82  8303.000   0
  31   82  8423.000   0
  32   82  8566.304   1
  33   82  8614.080   1
  34   82  8693.198   1
  35   82  8682.468   1
  36   82  8710.647   1
  37   82  8647.431   1
  38   82  8635.698   1
  39   82  8530.840   1
  40   82  8473.000   0
  41   82  8326.000   0
  30   83  8226.000   0
  31   83  8374.000   0
  32   83  8503.000   0
  33   83  8602.199   1
  34   83  8658.557   1
  35   83  8693.327   1
  36   83  8695.621   1
  37   83  8675.269   1
  38   83  8638.381   1
  39   83  8575.113   1
  40   83  8494.988   1
  41   83  8395.201   1
  42   83  8251.000   0
  31   84  8308.000   0
  32   84  8467.000   0
  33   84  8551.000   0
  34   84  8658.841   1
  35   84  8671.522   1
  36   84  8717.347   1
  37   84  8676.117   1
  38   84  8677.444   1
  39   84  8590.916   1
  40   84  8550.000   0
  41   84  8426.000   0
  42   84  8344.000   0
  31   85  8257.000   0
  32   85  8401.000   0
  33   85  8513.000   0
  34   85  8610.476   1
  35   85  8674.001   1
  36   85  8698.562   1
  37   85  8697.441   1
  38   85  8675.710   1
  39   85  8628.148   1
  40   85  8563.732   1
  41   85  8483.940   1
  42   85  8380.000   0
  43   85  8236.000   0
  31   86  8189.000   0
  32   86  8360.000   0
  33   86  8459.000   0
  34   86  8582.256   1
  35   86  8632.450   1
  36   86  8712.027   1
  37   86  8696.901   1
  38   86  8708.461   1
  39   86  8638.434   1
  40   86  8612.137   1
  41   86  8510.272   1
  42   86  8439.896   1
  43   86  8299.000   0
  32   87  8292.000   0
  33   87  8418.000   0
  34   87  8530.882   1
  35   87  8605.510   1
  36   87  8675.282   1
  37   87  8710.983   1
  38   87  8705.239   1
  39   87  8674.848   1
  40   87  8623.665   1
  41   87  8555.305   1
  42   87  8471.735   1
  43   87  8364.000   0
  44   87  8220.000   0
  32   88  8243.000   0
  33   88  8361.000   0
  34   88  8494.935   1
  35   88  8563.931   1
  36   88  8656.859   1
  37   88  8681.115   1
  38   88  8732.596   1
  39   88  8682.540   1
  40   88  8665.968   1
  41   88  8571.282   1
  42   88  8524.062   1
  43   88  8402.000   0
  44   88  8313.000   0
  32   89  8169.000   0
  33   89  8311.000   0
  34   89  8438.000   0
  35   89  8534.120   1
  36   89  8616.959   1
  37   89  8664.190   1
  38   89  8705.924   1
  39   89  8713.904   1
  40   89  8673.284   1
  41   89  8617.094   1
  42   89  8544.860   1
  43   89  8456.000   0
  44   89  8353.000   0
  45   89  8211.000   0
  33   90  8245.000   0
  34   90  8397.000   0
  35   90  8485.069   1
  36   90  8591.377   1
  37   90  8631.483   1
  38   90  8695.900   1
  39   90  8693.272   1
  40   90  8709.910   1
  41   90  8633.318   1
  42   90  8596.969   1
  43   90  8488.714   1
  44   90  8414.000   0
  45   90  8271.000   0
  33   91  8193.000   0
  34   91  8332.000   0
  35   91  8446.330   1
  36   91  8545.447   1
  37   91  8607.564   1
  38   91  8663.802   1
  39   91  8684.872   1
  40   91  8693.257   1
  41   91  8670.836   1
  42   91  8613.577   1
  43   91  8536.628   1
  44   91  8448.000   0
  45   91  8334.000   0
  46   91  8197.000   0
  33   92  8127.000   0
  34   92  8289.000   0
  35   92  8388.687   1
  36   92  8512.845   1
  37   92  8569.417   1
  38   92  8648.910   1
  39   92  8661.554   1
  40   92  8692.622   1
  41   92  8662.318   1
  42   92  8657.692   1
  43   92  8563.640   1
  44   92  8506.000   0
  45   92  8377.000   0
  46   92  8283.000   0
  34   93  8223.000   0
  35   93  8347.000   0
  36   93  8456.834   1
  37   93  8540.895   1
  38   93  8612.773   1
  39   93  8648.862   1
  40   93  8671.566   1
  41   93  8664.135   1
  42   93  8651.370   1
  43   93  8608.539   1
  44   93  8531.987   1
  45   93  8437.000   0
  46   93  8326.000   0
  47   93  8179.000   0
  34   94  8180.000   0
  35   94  8289.000   0
  36   94  8422.000   0
  37   94  8492.663   1
  38   94  8593.777   1
  39   94  8622.774   1
  40   94  8666.774   1
  41   94  8648.852   1
  42   94  8662.287   1
  43   94  8608.690   1
  44   94  8583.494   1
  45   94  8473.000   0
  46   94  8394.000   0
  47   94  8247.000   0
  35   95  8245.000   0
  36   95  8365.000   0
  37   95  8459.813   1
  38   95  8549.082   1
  39   95  8604.954   1
  40   95  8643.569   1
  41   95  8647.166   1
  42   95  8648.674   1
  43   95  8622.643   1
  44   95  8587.386   1
  45   95  8525.362   1
  46   95  8431.000   0
  47   95  8317.000   0
  48   95  8168.000   0
  35   96  8188.000   0
  36   96  8330.000   0
  37   96  8407.544   1
  38   96  8521.419   1
  39   96  8569.600   1
  40   96  8635.368   1
  41   96  8628.895   1
  42   96  8653.941   1
  43   96  8614.821   1
  44   96  8609.326   1
  45   96  8534.586   1
  46   96  8490.499   1
  47   96  8361.000   0
  48   96  8265.000   0
  35   97  8146.000   0
  36   97  8275.000   0
  37   97  8374.508   1
  38   97  8473.987   1
  39   97  8542.927   1
  40   97  8603.820   1
  41   97  8623.167   1
  42   97  8635.048   1
  43   97  8623.680   1
  44   97  8604.193   1
  45   97  8559.808   1
  46   97  8502.361   1
  47   97  8422.337   1
  48   97  8309.000   0
  49   97  8161.000   0
  36   98  8241.000   0
  37   98  8329.223   1
  38   98  8448.016   1
  39   98  8499.439   1
  40   98  8581.450   1
  41   98  8596.341   1
  42   98  8635.125   1
  43   98  8609.959   1
  44   98  8620.309   1
  45   98  8560.799   1
  46   98  8533.685   1
  47   98  8441.627   1
  48   98  8378.235   1
  49   98  8230.000   0
  36   99  8186.000   0
  37   99  8292.853   1
  38   99  8399.161   1
  39   99  8472.220   1
  40   99  8540.758   1
  41   99  8578.900   1
  42   99  8607.754   1
  43   99  8613.562   1
  44   99  8608.627   1
  45   99  8580.093   1
  46   99  8537.982   1
  47   99  8475.231   1
  48   99  8398.000   0
  49   99  8303.000   0
  50   99  8153.000   0
  36  100  8152.000   0
  37  100  8249.000   0
  38  100  8376.218   1
  39  100  8439.145   1
  40  100  8524.422   1
  41  100  8549.948   1
  42  100  8604.575   1
  43  100  8595.070   1
  44  100  8619.274   1
  45  100  8575.103   1
  46  100  8563.700   1
  47  100  8485.098   1
  48  100  8438.289   1
  49  100  8329.666   1
  50  100  8247.942   1
  37  101  8216.371   1
  38  101  8325.555   1
  39  101  8411.918   1
  40  101  8488.776   1
  41  101  8535.337   1
  42  101  8572.829   1
  43  101  8593.049   1
  44  101  8601.282   1
  45  101  8588.173   1
  46  101  8560.823   1
  47  101  8511.455   1
  48  101  8449.486   1
  49  101  8371.000   0
  50  101  8274.000   0
  37  102  8163.000   0
  38  102  8300.222   1
  39  102  8378.974   1
  40  102  8467.872   1
  41  102  8505.349   1
  42  102  8568.365   1
  43  102  8570.579   1
  44  102  8607.344   1
  45  102  8576.900   1
  46  102  8580.505   1
  47  102  8517.343   1
  48  102  8484.310   1
  49  102  8388.714   1
  50  102  8324.377   1
  38  103  8244.000   0
  39  103  8347.000   0
  40  103  8431.299   1
  41  103  8491.131   1
  42  103  8537.225   1
  43  103  8566.037   1
  44  103  8584.283   1
  45  103  8584.100   1
  46  103  8571.231   1
  47  103  8537.541   1
  48  103  8489.733   1
  49  103  8423.399   1
  50  103  8342.000   0
  51  103  8229.000   0
  38  104  8212.000   0
  39  104  8306.000   0
  40  104  8408.000   0
  41  104  8457.350   1
  42  104  8527.760   1
  43  104  8540.983   1
  44  104  8587.333   1
  45  104  8568.858   1
  46  104  8584.799   1
  47  104  8536.135   1
  48  104  8517.683   1
  49  104  8434.506   1
  50  104  8383.570   1
  51  104  8257.000   0
  38  105  8156.000   0
  39  105  8270.000   0
  40  105  8367.000   0
  41  105  8440.617   1
  42  105  8494.928   1
  43  105  8534.619   1
  44  105  8561.835   1
  45  105  8572.651   1
  46  105  8570.602   1
  47  105  8550.343   1
  48  105  8516.817   1
  49  105  8463.185   1
  50  105  8396.509   1
  51  105  8299.130   1
  52  105  8184.000   0
  39  106  8225.000   0
  40  106  8339.000   0
  41  106  8402.000   0
  42  106  8480.718   1
  43  106  8506.545   1
  44  106  8560.929   1
  45  106  8553.920   1
  46  106  8579.945   1
  47  106  8544.591   1
  48  106  8539.052   1
  49  106  8470.105   1
  50  106  8432.712   1
  51  106  8321.000   0
  52  106  8236.717   1
  39  107  8185.000   0
  40  107  8295.000   0
  41  107  8378.000   0
  42  107  8445.937   1
  43  107  8496.195   1
  44  107  8533.930   1
  45  107  8554.099   1
  46  107  8560.847   1
  47  107  8553.854   1
  48  107  8533.300   1
  49  107  8493.977   1
  50  107  8440.097   1
  51  107  8359.000   0
  52  107  8257.000   0
  39  108  8138.000   0
  40  108  8265.000   0
  41  108  8336.000   0
  42  108  8427.000   0
  43  108  8463.095   1
  44  108  8527.332   1
  45  108  8532.555   1
  46  108  8567.024   1
  47  108  8541.980   1
  48  108  8550.018   1
  49  108  8495.212   1
  50  108  8468.758   1
  51  108  8373.000   0
  52  108  8303.168   1
  53  108  8175.000   0
  40  109  8218.000   0
  41  109  8310.000   0
  42  109  8387.000   0
  43  109  8446.498   1
  44  109  8497.257   1
  45  109  8528.244   1
  46  109  8544.883   1
  47  109  8547.944   1
  48  109  8538.801   1
  49  109  8513.095   1
  50  109  8470.600   1
  51  109  8404.890   1
  52  109  8318.381   1
  53  109  8219.474   1
  40  110  8186.000   0
  41  110  8267.000   0
  42  110  8368.000   0
  43  110  8410.589   1
  44  110  8485.485   1
  45  110  8503.774   1
  46  110  8547.328   1
  47  110  8532.138   1
  48  110  8551.320   1
  49  110  8508.954   1
  50  110  8496.104   1
  51  110  8414.000   0
  52  110  8358.545   1
  53  110  8243.000   0
  54  110  8159.116   1
  41  111  8238.000   0
  42  111  8326.000   0
  43  111  8391.820   1
  44  111  8451.880   1
  45  111  8496.106   1
  46  111  8521.914   1
  47  111  8534.834   1
  48  111  8537.127   1
  49  111  8522.315   1
  50  111  8493.186   1
  51  111  8440.583   1
  52  111  8366.839   1
  53  111  8283.000   0
  54  111  8181.000   0
  41  112  8194.000   0
  42  112  8303.000   0
  43  112  8360.234   1
  44  112  8437.928   1
  45  112  8468.958   1
  46  112  8520.857   1
  47  112  8516.444   1
  48  112  8544.780   1
  49  112  8514.720   1
  50  112  8513.674   1
  51  112  8443.648   1
  52  112  8398.275   1
  53  112  8300.000   0
  54  112  8229.531   1
  55  112  8100.000   0
  41  113  8161.000   0
  42  113  8260.000   0
  43  113  8338.000   0
  44  113  8405.649   1
  45  113  8456.070   1
  46  113  8493.477   1
  47  113  8516.117   1
  48  113  8527.040   1
  49  113  8522.951   1
  50  113  8506.854   1
  51  113  8465.300   1
  52  113  8404.636   1
  53  113  8333.830   1
  54  113  8246.942   1
  55  113  8148.088   1
  42  114  8233.000   0
  43  114  8300.000   0
  44  114  8388.000   0
  45  114  8425.932   1
  46  114  8488.060   1
  47  114  8493.936   1
  48  114  8531.565   1
  49  114  8511.994   1
  50  114  8522.576   1
  51  114  8462.683   1
  52  114  8432.778   1
  53  114  8346.000   0
  54  114  8289.205   1
  55  114  8172.000   0
  56  114  8090.038   1
  42  115  8188.000   0
  43  115  8275.000   0
  44  115  8349.623   1
  45  115  8410.472   1
  46  115  8457.535   1
  47  115  8490.593   1
  48  115  8510.777   1
  49  115  8516.549   1
  50  115  8514.088   1
  51  115  8480.915   1
  52  115  8431.150   1
  53  115  8374.564   1
  54  115  8300.970   1
  55  115  8216.000   0
  56  115  8117.000   0
  43  116  8236.000   0
  44  116  8330.000   0
  45  116  8377.612   1
  46  116  8450.393   1
  47  116  8466.122   1
  48  116  8512.410   1
  49  116  8501.619   1
  50  116  8523.134   1
  51  116  8475.813   1
  52  116  8455.687   1
  53  116  8381.902   1
  54  116  8336.835   1
  55  116  8235.000   0
  56  116  8164.000   0
  43  117  8210.000   0
  44  117  8290.000   0
  45  117  8360.000   0
  46  117  8417.833   1
  47  117  8460.163   1
  48  117  8489.032   1
  49  117  8503.882   1
  50  117  8509.630   1
  51  117  8487.942   1
  52  117  8450.931   1
  53  117  8404.395   1
  54  117  8344.297   1
  55  117  8271.435   1
  56  117  8186.000   0
  57  117  8088.000   0
  43  118  8169.000   0
  44  118  8270.000   0
  45  118  8325.000   0
  46  118  8405.874   1
  47  118  8433.990   1
  48  118  8487.893   1
  49  118  8485.685   1
  50  118  8516.561   1
  51  118  8478.942   1
  52  118  8469.953   1
  53  118  8406.119   1
  54  118  8374.981   1
  55  118  8286.405   1
  56  118  8229.000   0
  57  118  8114.000   0
  44  119  8229.000   0
  45  119  8307.000   0
  46  119  8371.000   0
  47  119  8422.470   1
  48  119  8460.854   1
  49  119  8486.187   1
  50  119  8499.477   1
  51  119  8487.937   1
  52  119  8462.094   1
  53  119  8426.789   1
  54  119  8378.441   1
  55  119  8317.334   1
  56  119  8245.928   1
  57  119  8158.000   0
  58  119  8060.000   0
  44  120  8209.000   0
  45  120  8272.000   0
  46  120  8355.993   1
  47  120  8395.307   1
  48  120  8458.162   1
  49  120  8466.318   1
  50  120  8504.548   1
  51  120  8475.690   1
  52  120  8477.338   1
  53  120  8424.027   1
  54  120  8404.032   1
  55  120  8328.480   1
  56  120  8280.294   1
  57  120  8180.000   0
  58  120  8107.000   0
  45  121  8252.000   0
  46  121  8321.000   0
  47  121  8384.464   1
  48  121  8430.891   1
  49  121  8463.929   1
  50  121  8485.257   1
  51  121  8482.023   1
  52  121  8466.930   1
  53  121  8441.754   1
  54  121  8403.764   1
  55  121  8352.899   1
  56  121  8293.890   1
  57  121  8218.000   0
  58  121  8132.000   0
  59  121  8033.000   0
  45  122  8216.000   0
  46  122  8307.000   0
  47  122  8354.000   0
  48  122  8425.233   1
  49  122  8442.156   1
  50  122  8487.945   1
  51  122  8468.288   1
  52  122  8478.137   1
  53  122  8437.019   1
  54  122  8424.664   1
  55  122  8359.110   1
  56  122  8323.756   1
  57  122  8235.000   0
  58  122  8173.000   0
  59  122  8061.000   0
  46  123  8272.000   0
  47  123  8341.000   0
  48  123  8394.558   1
  49  123  8437.912   1
  50  123  8467.278   1
  51  123  8472.329   1
  52  123  8465.544   1
  53  123  8449.195   1
  54  123  8420.926   1
  55  123  8380.379   1
  56  123  8330.208   1
  57  123  8267.000   0
  58  123  8192.000   0
  59  123  8105.000   0
  46  124  8255.000   0
  47  124  8311.000   0
  48  124  8387.108   1
  49  124  8414.396   1
  50  124  8467.441   1
  51  124  8456.161   1
  52  124  8473.273   1
  53  124  8441.483   1
  54  124  8437.554   1
  55  124  8383.432   1
  56  124  8355.820   1
  57  124  8278.292   1
  58  124  8228.000   0
  59  124  8128.000   0
  60  124  8052.000   0
  47  125  8296.000   0
  48  125  8357.764   1
  49  125  8408.482   1
  50  125  8445.567   1
  51  125  8458.164   1
  52  125  8458.039   1
  53  125  8450.294   1
  54  125  8430.880   1
  55  125  8399.785   1
  56  125  8358.170   1
  57  125  8304.642   1
  58  125  8242.000   0
  59  125  8165.000   0
  60  125  8077.000   0
  47  126  8264.000   0
  48  126  8347.307   1
  49  126  8384.638   1
  50  126  8443.564   1
  51  126  8440.355   1
  52  126  8463.242   1
  53  126  8439.937   1
  54  126  8443.712   1
  55  126  8399.221   1
  56  126  8379.718   1
  57  126  8312.426   1
  58  126  8273.257   1
  59  126  8183.000   0
  60  126  8119.000   0
  61  126  8007.000   0
  47  127  8246.000   0
  48  127  8315.132   1
  49  127  8375.649   1
  50  127  8420.780   1
  51  127  8439.824   1
  52  127  8446.113   1
  53  127  8445.481   1
  54  127  8434.105   1
  55  127  8411.561   1
  56  127  8378.437   1
  57  127  8333.538   1
  58  127  8280.762   1
  59  127  8215.000   0
  60  127  8138.000   0
  61  127  8050.000   0
  47  128  8212.000   0
  48  128  8303.632   1
  49  128  8352.755   1
  50  128  8416.765   1
  51  128  8420.605   1
  52  128  8448.740   1
  53  128  8432.829   1
  54  128  8443.296   1
  55  128  8406.491   1
  56  128  8396.240   1
  57  128  8337.240   1
  58  128  8306.925   1
  59  128  8228.913   1
  60  128  8175.000   0
  61  128  8074.000   0
  62  128  7997.000   0
  47  129  8193.000   0
  48  129  8270.000   0
  49  129  8339.564   1
  50  129  8392.840   1
  51  129  8418.046   1
  52  129  8430.396   1
  53  129  8435.960   1
  54  129  8431.400   1
  55  129  8416.056   1
  56  129  8391.109   1
  57  129  8356.064   1
  58  129  8310.940   1
  59  129  8254.380   1
  60  129  8190.000   0
  61  129  8112.000   0
  62  129  8023.000   0
  47  130  8144.000   0
  48  130  8256.066   1
  49  130  8314.048   1
  50  130  8386.868   1
  51  130  8397.409   1
  52  130  8430.312   1
  53  130  8421.071   1
  54  130  8437.740   1
  55  130  8408.789   1
  56  130  8405.549   1
  57  130  8356.196   1
  58  130  8333.216   1
  59  130  8263.756   1
  60  130  8222.513   1
  61  130  8131.000   0
  62  130  8064.000   0
  63  130  7953.000   0
  48  131  8207.000   0
  49  131  8298.814   1
  50  131  8362.896   1
  51  131  8392.602   1
  52  131  8411.221   1
  53  131  8422.309   1
  54  131  8423.748   1
  55  131  8415.063   1
  56  131  8398.587   1
  57  131  8370.367   1
  58  131  8333.449   1
  59  131  8285.972   1
  60  131  8230.311   1
  61  131  8163.000   0
  62  131  8084.000   0
  63  131  7995.000   0
  48  132  8171.000   0
  49  132  8253.773   1
  50  132  8354.930   1
  51  132  8372.634   1
  52  132  8408.440   1
  53  132  8406.435   1
  54  132  8427.633   1
  55  132  8405.612   1
  56  132  8409.373   1
  57  132  8367.881   1
  58  132  8352.362   1
  59  132  8291.431   1
  60  132  8256.810   1
  61  132  8177.000   0
  62  132  8122.000   0
  63  132  8020.000   0
  49  133  8219.000   0
  50  133  8310.680   1
  51  133  8364.873   1
  52  133  8389.081   1
  53  133  8405.319   1
  54  133  8412.647   1
  55  133  8409.978   1
  56  133  8400.205   1
  57  133  8378.841   1
  58  133  8349.867   1
  59  133  8310.258   1
  60  133  8262.231   1
  61  133  8204.283   1
  62  133  8136.000   0
  63  133  8056.000   0
  49  134  8173.000   0
  50  134  8277.873   1
  51  134  8327.034   1
  52  134  8383.836   1
  53  134  8389.288   1
  54  134  8413.689   1
  55  134  8398.646   1
  56  134  8408.171   1
  57  134  8374.488   1
  58  134  8365.794   1
  59  134  8312.777   1
  60  134  8285.538   1
  61  134  8213.225   1
  62  134  8168.000   0
  63  134  8075.000   0
  64  134  8008.000   0
  49  135  8137.000   0
  50  135  8232.000   0
  51  135  8292.117   1
  52  135  8346.470   1
  53  135  8384.838   1
  54  135  8398.505   1
  55  135  8401.338   1
  56  135  8397.533   1
  57  135  8382.849   1
  58  135  8362.049   1
  59  135  8328.928   1
  60  135  8288.154   1
  61  135  8236.165   1
  62  135  8177.626   1
  63  135  8108.000   0
  64  135  8028.000   0
  50  136  8199.000   0
  51  136  8255.000   0
  52  136  8319.429   1
  53  136  8350.986   1
  54  136  8396.158   1
  55  136  8389.770   1
  56  136  8402.755   1
  57  136  8376.046   1
  58  136  8373.466   1
  59  136  8329.911   1
  60  136  8308.512   1
  61  136  8243.926   1
  62  136  8205.916   1
  63  136  8123.000   0
  64  136  8064.000   0
  65  136  7962.000   0
  50  137  8153.000   0
  51  137  8220.000   0
  52  137  8282.114   1
  53  137  8327.072   1
  54  137  8364.256   1
  55  137  8388.956   1
  56  137  8391.827   1
  57  137  8381.586   1
  58  137  8366.955   1
  59  137  8341.528   1
  60  137  8309.561   1
  61  137  8263.651   1
  62  137  8213.798   1
  63  137  8150.000   0
  64  137  8080.000   0
  65  137  7999.000   0
  51  138  8182.000   0
  52  138  8254.000   0
  53  138  8294.988   1
  54  138  8345.985   1
  55  138  8360.146   1
  56  138  8393.420   1
  57  138  8375.164   1
  58  138  8377.059   1
  59  138  8339.238   1
  60  138  8325.500   1
  61  138  8268.543   1
  62  138  8237.928   1
  63  138  8161.620   1
  64  138  8113.000   0
  65  138  8019.000   0
  66  138  7950.000   0
  51  139  8146.000   0
  52  139  8216.000   0
  53  139  8268.249   1
  54  139  8311.585   1
  55  139  8342.338   1
  56  139  8367.017   1
  57  139  8378.063   1
  58  139  8370.428   1
  59  139  8349.482   1
  60  139  8323.482   1
  61  139  8285.514   1
  62  139  8243.078   1
  63  139  8187.218   1
  64  139  8125.000   0
  65  139  8052.000   0
  66  139  7971.000   0
  52  140  8188.000   0
  53  140  8234.000   0
  54  140  8290.919   1
  55  140  8314.331   1
  56  140  8353.174   1
  57  140  8355.083   1
  58  140  8376.368   1
  59  140  8346.580   1
  60  140  8337.824   1
  61  140  8289.056   1
  62  140  8263.820   1
  63  140  8197.732   1
  64  140  8154.975   1
  65  140  8068.672   1
  66  140  8008.000   0
  67  140  7906.000   0
  52  141  8148.000   0
  53  141  8206.000   0
  54  141  8256.283   1
  55  141  8294.351   1
  56  141  8326.028   1
  57  141  8343.264   1
  58  141  8355.459   1
  59  141  8354.029   1
  60  141  8335.552   1
  61  141  8303.940   1
  62  141  8265.879   1
  63  141  8217.691   1
  64  141  8164.608   1
  65  141  8097.475   1
  66  141  8027.000   0
  67  141  7943.000   0
  52  142  8119.000   0
  53  142  8172.000   0
  54  142  8234.897   1
  55  142  8264.881   1
  56  142  8310.836   1
  57  142  8320.902   1
  58  142  8347.108   1
  59  142  8336.347   1
  60  142  8346.066   1
  61  142  8306.766   1
  62  142  8286.017   1
  63  142  8226.472   1
  64  142  8190.256   1
  65  142  8115.000   0
  66  142  8060.000   0
  67  142  7966.000   0
  53  143  8142.000   0
  54  143  8199.000   0
  55  143  8243.641   1
  56  143  8281.977   1
  57  143  8306.235   1
  58  143  8324.715   1
  59  143  8329.464   1
  60  143  8330.524   1
  61  143  8317.769   1
  62  143  8288.224   1
  63  143  8245.824   1
  64  143  8198.326   1
  65  143  8138.323   1
  66  143  8076.000   0
  67  143  8000.000   0
  68  143  7919.000   0
  53  144  8107.000   0
  54  144  8176.000   0
  55  144  8211.879   1
  56  144  8265.467   1
  57  144  8281.725   1
  58  144  8314.795   1
  59  144  8311.575   1
  60  144  8326.959   1
  61  144  8305.331   1
  62  144  8303.723   1
  63  144  8254.191   1
  64  144  8221.937   1
  65  144  8151.287   1
  66  144  8105.690   1
  67  144  8021.000   0
  68  144  7958.000   0
  54  145  8139.000   0
  55  145  8188.751   1
  56  145  8234.100   1
  57  145  8267.131   1
  58  145  8290.081   1
  59  145  8302.168   1
  60  145  8309.223   1
  61  145  8302.701   1
  62  145  8293.057   1
  63  145  8269.321   1
  64  145  8228.953   1
  65  145  8174.961   1
  66  145  8117.202   1
  67  145  8049.000   0
  68  145  7978.000   0
  69  145  7891.000   0
  54  146  8115.000   0
  55  146  8157.557   1
  56  146  8216.445   1
  57  146  8239.325   1
  58  146  8278.847   1
  59  146  8280.600   1
  60  146  8304.127   1
  61  146  8288.692   1
  62  146  8293.895   1
  63  146  8261.964   1
  64  146  8249.557   1
  65  146  8187.186   1
  66  146  8146.107   1
  67  146  8065.000   0
  68  146  8013.000   0
  69  146  7916.000   0
  54  147  8078.000   0
  55  147  8132.475   1
  56  147  8186.000   0
  57  147  8222.709   1
  58  147  8252.628   1
  59  147  8270.612   1
  60  147  8283.638   1
  61  147  8284.411   1
  62  147  8280.614   1
  63  147  8263.580   1
  64  147  8243.378   1
  65  147  8206.688   1
  66  147  8156.712   1
  67  147  8094.584   1
  68  147  8029.000   0
  69  147  7951.000   0
  55  148  8100.195   1
  56  148  8167.277   1
  57  148  8196.551   1
  58  148  8240.335   1
  59  148  8249.508   1
  60  148  8277.213   1
  61  148  8268.268   1
  62  148  8279.673   1
  63  148  8253.849   1
  64  148  8248.382   1
  65  148  8204.344   1
  66  148  8180.943   1
  67  148  8109.142   1
  68  148  8061.000   0
  69  148  7972.000   0
  70  148  7906.000   0
  55  149  8077.000   0
  56  149  8136.000   0
  57  149  8180.000   0
  58  149  8214.397   1
  59  149  8238.418   1
  60  149  8255.479   1
  61  149  8261.573   1
  62  149  8263.508   1
  63  149  8253.590   1
  64  149  8239.527   1
  65  149  8209.864   1
  66  149  8179.238   1
  67  149  8133.540   1
  68  149  8074.955   1
  69  149  8005.000   0
  70  149  7929.000   0
  55  150  8044.000   0
  56  150  8117.000   0
  57  150  8154.000   0
  58  150  8200.968   1
  59  150  8218.952   1
  60  150  8249.643   1
  61  150  8243.852   1
  62  150  8261.663   1
  63  150  8241.380   1
  64  150  8242.641   1
  65  150  8206.371   1
  66  150  8189.198   1
  67  150  8134.855   1
  68  150  8102.206   1
  69  150  8022.000   0
  70  150  7964.000   0
  71  150  7867.000   0
  55  151  8020.000   0
  56  151  8085.000   0
  57  151  8136.000   0
  58  151  8178.103   1
  59  151  8207.823   1
  60  151  8230.338   1
  61  151  8241.331   1
  62  151  8244.012   1
  63  151  8239.339   1
  64  151  8231.084   1
  65  151  8208.913   1
  66  151  8184.719   1
  67  151  8145.588   1
  68  151  8104.869   1
  69  151  8050.124   1
  70  151  7983.765   1
  71  151  7903.000   0
  56  152  8063.000   0
  57  152  8107.000   0
  58  152  8162.000   0
  59  152  8187.433   1
  60  152  8224.062   1
  61  152  8226.180   1
  62  152  8244.102   1
  63  152  8226.624   1
  64  152  8233.449   1
  65  152  8202.052   1
  66  152  8192.959   1
  67  152  8144.942   1
  68  152  8119.347   1
  69  152  8056.769   1
  70  152  8015.668   1
  71  152  7926.000   0
  56  153  8031.000   0
  57  153  8087.000   0
  58  153  8137.000   0
  59  153  8172.430   1
  60  153  8204.702   1
  61  153  8221.392   1
  62  153  8228.574   1
  63  153  8228.740   1
  64  153  8220.465   1
  65  153  8205.093   1
  66  153  8185.793   1
  67  153  8153.684   1
  68  153  8118.954   1
  69  153  8071.536   1
  70  153  8021.000   0
  71  153  7959.300   1
  72  153  7882.000   0
  57  154  8057.000   0
  58  154  8119.000   0
  59  154  8149.519   1
  60  154  8193.075   1
  61  154  8206.221   1
  62  154  8226.876   1
  63  154  8217.139   1
  64  154  8224.843   1
  65  154  8196.703   1
  66  154  8193.157   1
  67  154  8150.713   1
  68  154  8132.438   1
  69  154  8074.222   1
  70  154  8039.950   1
  71  154  7968.000   0
  72  154  7918.000   0
  57  155  8034.000   0
  58  155  8091.000   0
  59  155  8133.000   0
  60  155  8172.000   0
  61  155  8195.511   1
  62  155  8211.264   1
  63  155  8216.715   1
  64  155  8213.297   1
  65  155  8202.942   1
  66  155  8184.382   1
  67  155  8159.204   1
  68  155  8129.484   1
  69  155  8088.436   1
  70  155  8043.828   1
  71  155  7987.495   1
  72  155  7928.000   0
  73  155  7856.000   0
  58  156  8071.000   0
  59  156  8108.000   0
  60  156  8158.429   1
  61  156  8177.068   1
  62  156  8205.066   1
  63  156  8204.682   1
  64  156  8215.368   1
  65  156  8194.682   1
  66  156  8192.439   1
  67  156  8154.249   1
  68  156  8141.915   1
  69  156  8089.637   1
  70  156  8061.703   1
  71  156  7995.697   1
  72  156  7952.876   1
  73  156  7871.000   0
  58  157  8041.000   0
  59  157  8089.000   0
  60  157  8134.000   0
  61  157  8164.631   1
  62  157  8187.419   1
  63  157  8199.850   1
  64  157  8203.550   1
  65  157  8198.184   1
  66  157  8184.648   1
  67  157  8163.111   1
  68  157  8136.414   1
  69  157  8101.428   1
  70  157  8062.894   1
  71  157  8013.588   1
  72  157  7959.000   0
  73  157  7896.268   1
  59  158  8062.000   0
  60  158  8119.000   0
  61  158  8143.276   1
  62  158  8177.059   1
  63  158  8184.759   1
  64  158  8201.865   1
  65  158  8189.195   1
  66  158  8190.160   1
  67  158  8158.493   1
  68  158  8147.926   1
  69  158  8101.199   1
  70  158  8079.232   1
  71  158  8018.581   1
  72  158  7981.286   1
  73  158  7906.000   0
  74  158  7855.000   0
  59  159  8042.000   0
  60  159  8092.000   0
  61  159  8129.000   0
  62  159  8157.530   1
  63  159  8176.760   1
  64  159  8187.659   1
  65  159  8188.842   1
  66  159  8181.623   1
  67  159  8165.145   1
  68  159  8142.813   1
  69  159  8112.754   1
  70  159  8078.101   1
  71  159  8034.640   1
  72  159  7986.566   1
  73  159  7928.783   1
  74  159  7866.000   0
  60  160  8074.000   0
  61  160  8105.000   0
  62  160  8146.000   0
  63  160  8159.000   0
  64  160  8183.057   1
  65  160  8177.507   1
  66  160  8184.087   1
  67  160  8158.635   1
  68  160  8151.685   1
  69  160  8110.820   1
  70  160  8092.601   1
  71  160  8038.338   1
  72  160  8006.369   1
  73  160  7938.593   1
  74  160  7892.993   1
  75  160  7809.000   0
  60  161  8047.000   0
  61  161  8088.000   0
  62  161  8124.000   0
  63  161  8149.000   0
  64  161  8167.233   1
  65  161  8174.520   1
  66  161  8173.344   1
  67  161  8163.153   1
  68  161  8145.910   1
  69  161  8120.490   1
  70  161  8090.447   1
  71  161  8052.781   1
  72  161  8009.142   1
  73  161  7957.000   0
  74  161  7901.000   0
  75  161  7836.532   1
  61  162  8063.000   0
  62  162  8110.000   0
  63  162  8129.000   0
  64  162  8159.077   1
  65  162  8162.853   1
  66  162  8173.490   1
  67  162  8155.452   1
  68  162  8152.447   1
  69  162  8117.624   1
  70  162  8102.597   1
  71  162  8054.590   1
  72  162  8027.145   1
  73  162  7964.348   1
  74  162  7923.837   1
  75  162  7847.000   0
  76  162  7794.000   0
  61  163  8043.000   0
  62  163  8086.000   0
  63  163  8116.000   0
  64  163  8141.000   0
  65  163  8155.666   1
  66  163  8161.818   1
  67  163  8157.002   1
  68  163  8144.780   1
  69  163  8125.017   1
  70  163  8099.170   1
  71  163  8066.684   1
  72  163  8028.110   1
  73  163  7981.929   1
  74  163  7930.308   1
  75  163  7870.893   1
  76  163  7805.000   0
  62  164  8069.000   0
  63  164  8095.000   0
  64  164  8130.000   0
  65  164  8139.797   1
  66  164  8158.746   1
  67  164  8147.963   1
  68  164  8149.061   1
  69  164  8119.528   1
  70  164  8109.478   1
  71  164  8065.803   1
  72  164  8043.833   1
  73  164  7986.997   1
  74  164  7951.440   1
  75  164  7882.000   0
  76  164  7833.520   1
  77  164  7748.000   0
  62  165  8043.000   0
  63  165  8079.000   0
  64  165  8110.000   0
  65  165  8131.000   0
  66  165  8143.942   1
  67  165  8146.998   1
  68  165  8139.976   1
  69  165  8125.584   1
  70  165  8104.790   1
  71  165  8076.745   1
  72  165  8042.872   1
  73  165  8003.098   1
  74  165  7955.974   1
  75  165  7901.504   1
  76  165  7842.000   0
  77  165  7777.000   0
  63  166  8055.000   0
  64  166  8097.000   0
  65  166  8112.929   1
  66  166  8137.313   1
  67  166  8135.532   1
  68  166  8141.992   1
  69  166  8118.980   1
  70  166  8112.427   1
  71  166  8074.175   1
  72  166  8056.438   1
  73  166  8004.971   1
  74  166  7974.921   1
  75  166  7910.000   0
  76  166  7866.378   1
  77  166  7788.000   0
  78  166  7733.000   0
  63  167  8037.000   0
  64  167  8075.000   0
  65  167  8101.000   0
  66  167  8121.028   1
  67  167  8130.415   1
  68  167  8131.779   1
  69  167  8122.613   1
  70  167  8106.226   1
  71  167  8083.021   1
  72  167  8054.184   1
  73  167  8018.861   1
  74  167  7976.676   1
  75  167  7929.000   0
  76  167  7873.979   1
  77  167  7812.863   1
  78  167  7745.000   0
  64  168  8060.000   0
  65  168  8081.000   0
  66  168  8112.563   1
  67  168  8116.850   1
  68  168  8129.634   1
  69  168  8114.982   1
  70  168  8111.855   1
  71  168  8080.350   1
  72  168  8065.553   1
  73  168  8019.428   1
  74  168  7993.916   1
  75  168  7935.120   1
  76  168  7895.914   1
  77  168  7824.000   0
  78  168  7773.784   1
  64  169  8035.000   0
  65  169  8067.000   0
  66  169  8094.798   1
  67  169  8109.103   1
  68  169  8117.052   1
  69  169  8114.501   1
  70  169  8104.489   1
  71  169  8086.292   1
  72  169  8061.778   1
  73  169  8030.957   1
  74  169  7994.537   1
  75  169  7951.257   1
  76  169  7901.276   1
  77  169  7845.521   1
  78  169  7783.000   0
  79  169  7716.000   0
  65  170  8045.000   0
  66  170  8083.000   0
  67  170  8093.831   1
  68  170  8111.994   1
  69  170  8105.545   1
  70  170  8106.639   1
  71  170  8081.691   1
  72  170  8070.875   1
  73  170  8030.296   1
  74  170  8008.962   1
  75  170  7955.092   1
  76  170  7921.137   1
  77  170  7854.000   0
  78  170  7808.273   1
  79  170  7729.000   0
  65  171  8028.000   0
  66  171  8062.000   0
  67  171  8083.642   1
  68  171  8097.781   1
  69  171  8101.923   1
  70  171  8097.913   1
  71  171  8084.691   1
  72  171  8066.068   1
  73  171  8039.791   1
  74  171  8008.115   1
  75  171  7969.412   1
  76  171  7924.152   1
  77  171  7873.595   1
  78  171  7816.624   1
  79  171  7754.121   1
  80  171  7685.000   0
  66  172  8049.000   0
  67  172  8065.000   0
  68  172  8090.444   1
  69  172  8091.073   1
  70  172  8097.457   1
  71  172  8078.263   1
  72  172  8071.751   1
  73  172  8037.705   1
  74  172  8020.175   1
  75  172  7971.592   1
  76  172  7942.129   1
  77  172  7881.000   0
  78  172  7839.212   1
  79  172  7766.000   0
  80  172  7713.757   1
  66  173  8026.000   0
  67  173  8052.000   0
  68  173  8074.000   0
  69  173  8084.479   1
  70  173  8087.456   1
  71  173  8079.058   1
  72  173  8066.016   1
  73  173  8044.064   1
  74  173  8018.333   1
  75  173  7983.906   1
  76  173  7944.033   1
  77  173  7898.087   1
  78  173  7845.413   1
  79  173  7788.163   1
  80  173  7724.000   0
  67  174  8032.000   0
  68  174  8064.000   0
  69  174  8070.672   1
  70  174  8083.876   1
  71  174  8071.482   1
  72  174  8068.545   1
  73  174  8040.452   1
  74  174  8027.256   1
  75  174  7985.094   1
  76  174  7959.466   1
  77  174  7902.513   1
  78  174  7866.122   1
  79  174  7798.000   0
  80  174  7749.821   1
  67  175  8016.000   0
  68  175  8045.000   0
  69  175  8061.795   1
  70  175  8070.954   1
  71  175  8069.169   1
  72  175  8060.774   1
  73  175  8044.445   1
  74  175  8024.112   1
  75  175  7994.816   1
  76  175  7960.725   1
  77  175  7918.105   1
  78  175  7869.415   1
  79  175  7817.818   1
  80  175  7759.325   1
  68  176  8033.000   0
  69  176  8045.137   1
  70  176  8064.100   1
  71  176  8059.049   1
  72  176  8061.366   1
  73  176  8038.670   1
  74  176  8030.112   1
  75  176  7993.970   1
  76  176  7972.678   1
  77  176  7921.433   1
  78  176  7888.958   1
  79  176  7825.000   0
  80  176  7782.632   1
  81  176  7708.000   0
  68  177  8013.000   0
  69  177  8035.000   0
  70  177  8049.989   1
  71  177  8053.478   1
  72  177  8051.886   1
  73  177  8040.878   1
  74  177  8025.035   1
  75  177  8001.222   1
  76  177  7972.397   1
  77  177  7934.632   1
  78  177  7892.489   1
  79  177  7843.887   1
  80  177  7789.922   1
  81  177  7732.096   1
  69  178  8016.000   0
  70  178  8042.857   1
  71  178  8042.083   1
  72  178  8049.493   1
  73  178  8034.216   1
  74  178  8029.308   1
  75  178  7998.157   1
  76  178  7981.923   1
  77  178  7936.549   1
  78  178  7908.255   1
  79  178  7849.524   1
  80  178  7811.368   1
  81  178  7742.000   0
  82  178  7690.866   1
  69  179  8002.000   0
  70  179  8025.000   0
  71  179  8035.102   1
  72  179  8038.596   1
  73  179  8033.636   1
  74  179  8023.328   1
  75  179  8003.776   1
  76  179  7979.483   1
  77  179  7947.500   1
  78  179  7910.651   1
  79  179  7865.433   1
  80  179  7816.199   1
  81  179  7763.666   1
  82  179  7702.000   0
  70  180  8014.000   0
  71  180  8022.088   1
  72  180  8034.981   1
  73  180  8025.900   1
  74  180  8025.488   1
  75  180  8000.004   1
  76  180  7987.431   1
  77  180  7947.633   1
  78  180  7923.611   1
  79  180  7870.156   1
  80  180  7836.078   1
  81  180  7771.000   0
  82  180  7725.688   1
  70  181  7994.000   0
  71  181  8012.000   0
  72  181  8022.052   1
  73  181  8023.418   1
  74  181  8018.059   1
  75  181  8004.110   1
  76  181  7983.442   1
  77  181  7956.572   1
  78  181  7924.088   1
  79  181  7883.835   1
  80  181  7839.679   1
  81  181  7791.931   1
  82  181  7734.258   1
  71  182  7996.000   0
  72  182  8014.886   1
  73  182  8012.647   1
  74  182  8018.316   1
  75  182  7998.633   1
  76  182  7989.728   1
  77  182  7954.894   1
  78  182  7934.758   1
  79  182  7887.226   1
  80  182  7856.968   1
  81  182  7796.487   1
  82  182  7756.338   1
  71  183  7984.000   0
  72  183  8000.045   1
  73  183  8006.753   1
  74  183  8008.330   1
  75  183  8001.017   1
  76  183  7985.002   1
  77  183  7961.790   1
  78  183  7933.336   1
  79  183  7898.538   1
  80  183  7859.361   1
  81  183  7815.674   1
  82  183  7762.117   1
  71  184  7967.000   0
  72  184  7990.732   1
  73  184  7993.763   1
  74  184  8005.087   1
  75  184  7992.788   1
  76  184  7988.696   1
  77  184  7959.198   1
  78  184  7942.562   1
  79  184  7900.194   1
  80  184  7874.368   1
  81  184  7818.681   1
  82  184  7782.692   1
  83  184  7713.000   0
  72  185  7974.000   0
  73  185  7986.370   1
  74  185  7992.917   1
  75  185  7991.026   1
  76  185  7981.323   1
  77  185  7963.722   1
  78  185  7939.750   1
  79  185  7909.488   1
  80  185  7874.496   1
  81  185  7835.564   1
  82  185  7786.932   1
  83  185  7732.000   0
  72  186  7964.000   0
  73  186  7971.840   1
  74  186  7988.607   1
  75  186  7981.286   1
  76  186  7982.829   1
  77  186  7958.050   1
  78  186  7946.809   1
  79  186  7909.540   1
  80  186  7888.261   1
  81  186  7839.167   1
  82  186  7805.343   1
  83  186  7739.245   1
  72  187  7946.000   0
  73  187  7963.000   0
  74  187  7975.120   1
  75  187  7977.947   1
  76  187  7973.776   1
  77  187  7961.558   1
  78  187  7941.317   1
  79  187  7917.305   1
  80  187  7886.986   1
  81  187  7852.458   1
  82  187  7808.363   1
  83  187  7758.155   1
  72  188  7936.000   0
  73  188  7947.000   0
  74  188  7969.048   1
  75  188  7966.743   1
  76  188  7973.860   1
  77  188  7954.761   1
  78  188  7947.912   1
  79  188  7914.378   1
  80  188  7899.051   1
  81  188  7853.108   1
  82  188  7824.844   1
  83  188  7764.244   1
  84  188  7724.622   1
  73  189  7938.000   0
  74  189  7952.715   1
  75  189  7961.804   1
  76  189  7962.995   1
  77  189  7956.039   1
  78  189  7941.477   1
  79  189  7921.987   1
  80  189  7896.942   1
  81  189  7866.196   1
  82  189  7826.480   1
  83  189  7780.980   1
  84  189  7731.096   1
  73  190  7922.000   0
  74  190  7947.121   1
  75  190  7949.687   1
  76  190  7962.096   1
  77  190  7947.688   1
  78  190  7946.582   1
  79  190  7919.086   1
  80  190  7907.016   1
  81  190  7865.860   1
  82  190  7841.130   1
  83  190  7786.939   1
  84  190  7749.454   1
  74  191  7931.000   0
  75  191  7943.949   1
  76  191  7950.560   1
  77  191  7948.101   1
  78  191  7938.725   1
  79  191  7924.741   1
  80  191  7903.805   1
  81  191  7877.134   1
  82  191  7841.441   1
  83  191  7800.665   1
  84  191  7753.708   1
  74  192  7924.000   0
  75  192  7931.000   0
  76  192  7948.516   1
  77  192  7938.986   1
  78  192  7942.514   1
  79  192  7920.125   1
  80  192  7912.065   1
  81  192  7876.016   1
  82  192  7854.669   1
  83  192  7803.666   1
  84  192  7771.078   1
  75  193  7924.000   0
  76  193  7936.261   1
  77  193  7938.121   1
  78  193  7933.773   1
  79  193  7924.110   1
  80  193  7907.914   1
  81  193  7884.523   1
  82  193  7853.918   1
  83  193  7817.110   1
  84  193  7774.129   1
  85  193  7727.518   1
  75  194  7911.000   0
  76  194  7932.010   1
  77  194  7928.475   1
  78  194  7935.957   1
  79  194  7919.032   1
  80  194  7914.643   1
  81  194  7882.951   1
  82  194  7865.416   1
  83  194  7819.025   1
  84  194  7789.296   1
  85  194  7734.658   1
  76  195  7918.658   1
  77  195  7924.902   1
  78  195  7926.567   1
  79  195  7921.392   1
  80  195  7909.329   1
  81  195  7890.727   1
  82  195  7863.940   1
  83  195  7830.748   1
  84  195  7791.100   1
  85  195  7748.121   1
  86  195  7700.307   1
  76  196  7912.248   1
  77  196  7914.163   1
  78  196  7926.544   1
  79  196  7914.861   1
  80  196  7914.373   1
  81  196  7888.289   1
  82  196  7873.400   1
  83  196  7831.900   1
  84  196  7804.773   1
  85  196  7752.051   1
  86  196  7717.990   1
  77  197  7909.018   1
  78  197  7915.984   1
  79  197  7915.661   1
  80  197  7908.643   1
  81  197  7893.505   1
  82  197  7871.298   1
  83  197  7841.636   1
  84  197  7805.535   1
  85  197  7765.960   1
  86  197  7722.294   1
  77  198  7897.000   0
  78  198  7914.169   1
  79  198  7908.573   1
  80  198  7911.553   1
  81  198  7890.127   1
  82  198  7878.882   1
  83  198  7841.189   1
  84  198  7817.561   1
  85  198  7769.159   1
  86  198  7737.726   1
  77  199  7891.218   1
  78  199  7902.319   1
  79  199  7906.943   1
  80  199  7905.284   1
  81  199  7893.876   1
  82  199  7875.717   1
  83  199  7849.526   1
  84  199  7817.537   1
  85  199  7781.466   1
  86  199  7740.846   1
  87  199  7695.312   1
  78  200  7899.216   1
  79  200  7898.635   1
  80  200  7905.899   1
  81  200  7889.707   1
  82  200  7881.771   1
  83  200  7848.494   1
  84  200  7827.504   1
  85  200  7783.758   1
  86  200  7754.938   1
  87  200  7700.385   1
  78  201  7885.835   1
  79  201  7895.176   1
  80  201  7897.564   1
  81  201  7891.277   1
  82  201  7877.812   1
  83  201  7854.806   1
  84  201  7826.580   1
  85  201  7794.153   1
  86  201  7756.841   1
  87  201  7714.797   1
  78  202  7881.000   0
  79  202  7886.140   1
  80  202  7896.852   1
  81  202  7886.234   1
  82  202  7882.115   1
  83  202  7852.496   1
  84  202  7834.719   1
  85  202  7794.542   1
  86  202  7769.303   1
  87  202  7718.812   1
  88  202  7684.883   1
  79  203  7880.864   1
  80  203  7887.482   1
  81  203  7886.052   1
  82  203  7877.397   1
  83  203  7857.549   1
  84  203  7832.844   1
  85  203  7803.652   1
  86  203  7770.226   1
  87  203  7731.783   1
  88  203  7689.628   1
  79  204  7870.000   0
  80  204  7885.545   1
  81  204  7880.022   1
  82  204  7879.931   1
  83  204  7854.320   1
  84  204  7839.045   1
  85  204  7803.552   1
  86  204  7780.642   1
  87  204  7734.687   1
  88  204  7704.156   1
  79  205  7861.000   0
  80  205  7874.731   1
  81  205  7878.393   1
  82  205  7874.330   1
  83  205  7857.302   1
  84  205  7836.156   1
  85  205  7810.205   1
  86  205  7780.742   1
  87  205  7745.686   1
  88  205  7706.997   1
  80  206  7869.170   1
  81  206  7871.720   1
  82  206  7875.361   1
  83  206  7853.323   1
  84  206  7840.563   1
  85  206  7808.793   1
  86  206  7788.956   1
  87  206  7746.940   1
  88  206  7719.805   1
  89  206  7667.724   1
  80  207  7847.312   1
  81  207  7866.793   1
  82  207  7869.865   1
  83  207  7854.504   1
  84  207  7836.673   1
  85  207  7814.037   1
  86  207  7787.980   1
  87  207  7756.232   1
  88  207  7721.634   1
  89  207  7681.172   1
  80  208  7833.000   0
  81  208  7847.180   1
  82  208  7867.452   1
  83  208  7849.852   1
  84  208  7839.357   1
  85  208  7811.663   1
  86  208  7794.231   1
  87  208  7756.899   1
  88  208  7732.084   1
  89  208  7684.831   1
  80  209  7812.000   0
  81  209  7833.365   1
  82  209  7848.647   1
  83  209  7847.985   1
  84  209  7835.187   1
  85  209  7814.763   1
  86  209  7792.115   1
  87  209  7763.686   1
  88  209  7733.033   1
  89  209  7695.847   1
  90  209  7655.464   1
  80  210  7798.000   0
  81  210  7813.585   1
  82  210  7835.964   1
  83  210  7832.541   1
  84  210  7834.345   1
  85  210  7811.662   1
  86  210  7796.632   1
  87  210  7763.136   1
  88  210  7741.281   1
  89  210  7697.896   1
  90  210  7669.156   1
  81  211  7800.000   0
  82  211  7817.000   1
  83  211  7819.770   1
  84  211  7818.783   1
  85  211  7811.354   1
  86  211  7793.941   1
  87  211  7768.443   1
  88  211  7741.066   1
  89  211  7707.176   1
  90  211  7671.711   1
  81  212  7780.000   0
  82  212  7804.312   1
  83  212  7803.310   1
  84  212  7810.243   1
  85  212  7798.306   1
  86  212  7794.797   1
  87  212  7766.946   1
  88  212  7747.472   1
  89  212  7708.546   1
  90  212  7682.156   1
  91  212  7633.543   1
  82  213  7785.082   1
  83  213  7791.016   1
  84  213  7794.023   1
  85  213  7790.003   1
  86  213  7782.192   1
  87  213  7768.433   1
  88  213  7746.415   1
  89  213  7715.524   1
  90  213  7683.852   1
  91  213  7644.760   1
  82  214  7772.386   1
  83  214  7773.492   1
  84  214  7785.115   1
  85  214  7776.365   1
  86  214  7777.102   1
  87  214  7757.739   1
  88  214  7749.135   1
  89  214  7715.907   1
  90  214  7692.237   1
  91  214  7647.584   1
  82  215  7752.000   0
  83  215  7761.627   1
  84  215  7768.169   1
  85  215  7767.855   1
  86  215  7763.814   1
  87  215  7753.260   1
  88  215  7739.317   1
  89  215  7719.501   1
  90  215  7693.001   1
  91  215  7657.061   1
  83  216  7743.499   1
  84  216  7758.813   1
  85  216  7752.999   1
  86  216  7758.644   1
  87  216  7742.414   1
  88  216  7737.347   1
  89  216  7711.356   1
  90  216  7697.634   1
  91  216  7659.308   1
  83  217  7731.000   0
  84  217  7741.281   1
  85  217  7744.612   1
  86  217  7744.403   1
  87  217  7737.774   1
  88  217  7726.921   1
  89  217  7710.324   1
  90  217  7690.547   1
  91  217  7664.579   1
  92  217  7635.026   1
  83  218  7712.000   0
  84  218  7731.521   1
  85  218  7729.124   1
  86  218  7738.751   1
  87  218  7726.715   1
  88  218  7724.998   1
  89  218  7702.176   1
  90  218  7691.567   1
  91  218  7659.104   1
  92  218  7640.587   1
  84  219  7713.000   0
  85  219  7720.191   1
  86  219  7723.771   1
  87  219  7721.169   1
  88  219  7714.054   1
  89  219  7700.548   1
  90  219  7683.720   1
  91  219  7661.662   1
  92  219  7636.669   1
  84  220  7702.000   0
  85  220  7703.810   1
  86  220  7717.248   1
  87  220  7709.740   1
  88  220  7711.684   1
  89  220  7692.315   1
  90  220  7684.589   1
  91  220  7655.089   1
  92  220  7639.000   0
  85  221  7694.000   0
  86  221  7701.388   1
  87  221  7703.252   1
  88  221  7701.134   1
  89  221  7690.539   1
  90  221  7676.072   1
  91  221  7656.961   1
  92  221  7634.000   0
  85  222  7678.000   0
  86  222  7694.491   1
  87  222  7691.076   1
  88  222  7696.687   1
  89  222  7682.802   1
  90  222  7676.659   1
  91  222  7651.000   0
  92  222  7638.000   0
  85  223  7668.000   0
  86  223  7679.000   0
  87  223  7683.658   1
  88  223  7685.303   1
  89  223  7679.141   1
  90  223  7668.640   1
  91  223  7651.971   1
  92  223  7632.688   1
  86  224  7671.000   0
  87  224  7670.775   1
  88  224  7679.917   1
  89  224  7670.140   1
  90  224  7667.712   1
  91  224  7646.925   1
  92  224  7635.203   1
  86  225  7655.000   0
  87  225  7662.970   1
  88  225  7667.581   1
  89  225  7665.686   1
  90  225  7659.222   1
  91  225  7646.721   1
  92  225  7629.747   1
  93  225  7607.544   1
  86  226  7646.000   0
  87  226  7649.028   1
  88  226  7661.956   1
  89  226  7655.658   1
  90  226  7657.121   1
  91  226  7641.110   1
  92  226  7631.916   1
  93  226  7605.000   0
  86  227  7630.000   0
  87  227  7640.836   1
  88  227  7648.297   1
  89  227  7650.701   1
  90  227  7647.452   1
  91  227  7639.488   1
  92  227  7626.393   1
  93  227  7607.351   1
  86  228  7621.000   0
  87  228  7627.000   0
  88  228  7642.421   1
  89  228  7639.191   1
  90  228  7645.074   1
  91  228  7632.204   1
  92  228  7627.455   1
  93  228  7604.000   0
  94  228  7590.489   1
  87  229  7617.691   1
  88  229  7628.482   1
  89  229  7632.966   1
  90  229  7634.646   1
  91  229  7629.869   1
  92  229  7620.721   1
  93  229  7606.087   1
  94  229  7586.862   1
  87  230  7603.000   0
  88  230  7621.907   1
  89  230  7621.593   1
  90  230  7630.990   1
  91  230  7621.891   1
  92  230  7620.923   1
  93  230  7601.776   1
  94  230  7590.994   1
  87  231  7593.000   0
  88  231  7607.000   0
  89  231  7614.407   1
  90  231  7620.112   1
  91  231  7618.420   1
  92  231  7613.381   1
  93  231  7602.125   1
  94  231  7587.222   1
  95  231  7566.000   0
  87  232  7578.000   0
  88  232  7599.000   0
  89  232  7602.450   1
  90  232  7615.026   1
  91  232  7609.501   1
  92  232  7611.892   1
  93  232  7597.000   0
  94  232  7588.963   1
  95  232  7564.000   0
  88  233  7584.000   0
  89  233  7594.000   0
  90  233  7602.886   1
  91  233  7604.864   1
  92  233  7603.953   1
  93  233  7596.176   1
  94  233  7583.796   1
  95  233  7567.000   0
  96  233  7546.002   1
  88  234  7575.000   0
  89  234  7581.000   0
  90  234  7596.849   1
  91  234  7594.673   1
  92  234  7600.708   1
  93  234  7589.630   1
  94  234  7584.607   1
  95  234  7563.000   0
  96  234  7550.681   1
  89  235  7572.000   0
  90  235  7583.374   1
  91  235  7588.236   1
  92  235  7590.907   1
  93  235  7587.049   1
  94  235  7578.873   1
  95  235  7565.000   0
  96  235  7548.000   0
  97  235  7524.000   0
  89  236  7558.000   0
  90  236  7576.000   0
  91  236  7577.504   1
  92  236  7586.477   1
  93  236  7579.209   1
  94  236  7577.913   1
  95  236  7561.000   0
  96  236  7550.000   0
  97  236  7523.000   0
  90  237  7562.000   0
  91  237  7569.902   1
  92  237  7576.094   1
  93  237  7574.982   1
  94  237  7570.752   1
  95  237  7561.000   0
  96  237  7546.000   0
  97  237  7527.000   0
  98  237  7504.000   0
  90  238  7554.000   0
  91  238  7558.870   1
  92  238  7570.120   1
  93  238  7566.214   1
  94  238  7568.354   1
  95  238  7555.578   1
  96  238  7548.203   1
  97  238  7524.000   0
  98  238  7509.000   0
  91  239  7550.000   0
  92  239  7558.557   1
  93  239  7560.561   1
  94  239  7560.311   1
  95  239  7553.681   1
  96  239  7543.000   0
  97  239  7527.000   0
  98  239  7507.000   0
  91  240  7538.000   0
  92  240  7551.771   1
  93  240  7550.180   1
  94  240  7556.036   1
  95  240  7547.006   1
  96  240  7542.856   1
  97  240  7523.000   0
  98  240  7510.000   0
  99  240  7481.000   0
  92  241  7539.000   0
  93  241  7544.263   1
  94  241  7546.432   1
  95  241  7543.272   1
  96  241  7536.841   1
  97  241  7524.000   0
  98  241  7507.000   0
  99  241  7485.000   0
  92  242  7532.000   0
  93  242  7533.397   1
  94  242  7541.321   1
  95  242  7534.984   1
  96  242  7534.497   1
  97  242  7519.000   0
  98  242  7509.302   1
  99  242  7483.000   0
 100  242  7465.000   0
  93  243  7525.000   0
  94  243  7531.004   1
  95  243  7530.169   1
  96  243  7526.918   1
  97  243  7517.495   1
  98  243  7505.000   0
  99  243  7486.000   0
 100  243  7464.000   0
  93  244  7514.000   0
  94  244  7524.817   1
  95  244  7521.301   1
  96  244  7523.944   1
  97  244  7511.468   1
  98  244  7505.132   1
  99  244  7483.000   0
 100  244  7468.000   0
  94  245  7513.576   1
  95  245  7515.306   1
  96  245  7515.766   1
  97  245  7509.264   1
  98  245  7499.657   1
  99  245  7484.000   0
 100  245  7465.000   0
 101  245  7441.000   0
  94  246  7506.538   1
  95  246  7504.986   1
  96  246  7511.465   1
  97  246  7502.797   1
  98  246  7499.115   1
  99  246  7480.000   0
 100  246  7468.166   1
 101  246  7440.000   0
  94  247  7494.000   0
  95  247  7499.000   0
  96  247  7501.928   1
  97  247  7498.936   1
  98  247  7493.153   1
  99  247  7480.000   0
 100  247  7465.000   0
 101  247  7444.000   0
  95  248  7487.000   0
  96  248  7496.731   1
  97  248  7491.000   0
  98  248  7491.036   1
  99  248  7476.000   0
 100  248  7465.910   1
 101  248  7442.000   0
 102  248  7424.000   0
  95  249  7479.000   0
  96  249  7485.552   1
  97  249  7486.027   1
  98  249  7483.383   1
  99  249  7474.000   0
 100  249  7461.000   0
 101  249  7443.000   0
 102  249  7422.000   0
  96  250  7478.940   1
  97  250  7475.961   1
  98  250  7479.950   1
  99  250  7469.000   0
 100  250  7462.084   1
 101  250  7441.000   0
 102  250  7426.000   0
  96  251  7466.724   1
  97  251  7469.264   1
  98  251  7470.502   1
  99  251  7465.881   1
 100  251  7456.890   1
 101  251  7442.000   0
 102  251  7423.000   0
 103  251  7400.000   0
  96  252  7460.000   0
  97  252  7459.000   0
  98  252  7465.349   1
  99  252  7457.244   1
 100  252  7456.031   1
 101  252  7438.000   0
 102  252  7425.760   1
 103  252  7399.000   0
  97  253  7451.000   0
  98  253  7454.831   1
  99  253  7452.874   1
 100  253  7448.455   1
 101  253  7438.000   0
 102  253  7422.000   0
 103  253  7402.000   0
 104  253  7379.000   0
  97  254  7440.000   0
  98  254  7449.228   1
  99  254  7443.584   1
 100  254  7444.786   1
 101  254  7431.000   0
 102  254  7423.586   1
 103  254  7400.000   0
 104  254  7384.000   0
  98  255  7438.000   0
  99  255  7437.822   1
 100  255  7435.890   1
 101  255  7428.729   1
 102  255  7417.776   1
 103  255  7402.000   0
 104  255  7382.000   0
 105  255  7357.000   0
  98  256  7432.000   0
  99  256  7428.000   0
 100  256  7431.783   1
 101  256  7420.409   1
 102  256  7416.539   1
 103  256  7398.000   0
 104  256  7385.381   1
 105  256  7357.000   0
  99  257  7422.000   0
 100  257  7422.196   1
 101  257  7417.569   1
 102  257  7409.683   1
 103  257  7397.000   0
 104  257  7381.000   0
 105  257  7361.000   0
  99  258  7412.000   0
 100  258  7418.000   0
 101  258  7409.669   1
 102  258  7407.000   0
 103  258  7391.000   0
 104  258  7382.000   0
 105  258  7359.000   0
 106  258  7341.000   0
 100  259  7407.000   0
 101  259  7405.000   0
 102  259  7400.000   0
 103  259  7390.000   0
 104  259  7377.000   0
 105  259  7360.000   0
 106  259  7339.000   0
 100  260  7403.000   0
 101  260  7396.000   0
 102  260  7397.000   0
 103  260  7383.000   0
 104  260  7377.000   0
 105  260  7357.000   0
 106  260  7342.424   1
 107  260  7312.000   0
 101  261  7391.000   0
 102  261  7388.000   0
 103  261  7381.000   0
 104  261  7371.396   1
 105  261  7357.000   0
 106  261  7339.000   0
 107  261  7316.000   0
 101  262  7383.000   0
 102  262  7385.000   0
 103  262  7374.000   0
 104  262  7370.000   0
 105  262  7352.000   0
 106  262  7341.000   0
 107  262  7315.000   0
 102  263  7376.000   0
 103  263  7371.000   0
 104  263  7363.000   0
 105  263  7352.000   0
 106  263  7337.000   0
 107  263  7317.000   0
 108  263  7295.000   0
 102  264  7373.000   0
 103  264  7364.000   0
 104  264  7361.000   0
 105  264  7346.000   0
 106  264  7338.000   0
 107  264  7315.000   0
 108  264  7298.239   1
 103  265  7360.000   0
 104  265  7354.000   0
 105  265  7344.000   0
 106  265  7332.652   1
 107  265  7316.000   0
 108  265  7295.000   0
 109  265  7271.000   0
 103  266  7351.000   0
 104  266  7352.000   0
 105  266  7339.000   0
 106  266  7332.000   0
 107  266  7312.000   0
 108  266  7298.000   0
 109  266  7270.000   0
 104  267  7343.000   0
 105  267  7337.000   0
 106  267  7327.000   0
 107  267  7312.000   0
 108  267  7295.000   0
 109  267  7273.000   0
 110  267  7245.000   0
 104  268  7338.000   0
 105  268  7329.000   0
 106  268  7325.000   0
 107  268  7308.000   0
 108  268  7297.000   0
 109  268  7271.000   0
 110  268  7250.000   0
 105  269  7325.000   0
 106  269  7317.000   0
 107  269  7308.000   0
 108  269  7293.000   0
 109  269  7273.000   0
 110  269  7249.000   0
 105  270  7316.000   0
 106  270  7315.000   0
 107  270  7300.000   0
 108  270  7294.000   0
 109  270  7270.000   0
 110  270  7253.000   0
 106  271  7307.000   0
 107  271  7298.000   0
 108  271  7286.000   0
 109  271  7272.000   0
 110  271  7252.000   0
 106  272  7304.000   0
 107  272  7291.000   0
 108  272  7284.000   0
 109  272  7266.000   0
 110  272  7254.000   0
 111  272  7226.000   0
 106  273  7296.000   0
 107  273  7288.000   0
 108  273  7277.000   0
 109  273  7264.000   0
 110  273  7248.000   0
 111  273  7229.000   0
 107  274  7282.000   0
 108  274  7276.000   0
 109  274  7259.000   0
 110  274  7249.000   0
 111  274  7225.000   0
 107  275  7278.000   0
 108  275  7270.000   0
 109  275  7258.000   0
 110  275  7243.000   0
 111  275  7227.000   0
 108  276  7268.000   0
 109  276  7252.000   0
 110  276  7243.000   0
 111  276  7222.000   0
 108  277  7262.000   0
 109  277  7251.000   0
 110  277  7237.000   0
 111  277  7221.000   0
 112  277  7204.000   0
 109  278  7246.000   0
 110  278  7237.000   0
 111  278  7217.000   0
 112  278  7206.000   0
 109  279  7244.000   0
 110  279  7232.000   0
 111  279  7218.000   0
 112  279  7201.000   0
 110  280  7232.000   0
 111  280  7214.000   0
 112  280  7203.000   0
 110  281  7228.000   0
 111  281  7214.000   0
 112  281  7198.000   0
 111  282  7210.000   0
 112  282  7200.000   0
 111  283  7210.000   0
 112  283  7196.000   0
 113  283  7178.000   0
 112  284  7197.000   0
 113  284  7176.000   0
 112  285  7195.000   0
 113  285  7177.000   0
 114  285  7158.000   0
 113  286  7174.000   0
 114  286  7161.000   0
 113  287  7176.000   0
 114  287  7158.000   0
 115  287  7137.000   0
 114  288  7161.000   0
 115  288  7136.000   0
 114  289  7159.000   0
 115  289  7139.000   0
 116  289  7116.000   0
 115  290  7137.000   0
 116  290  7120.000   0
 115  291  7140.000   0
 116  291  7119.000   0
 117  291  7096.000   0
 116  292  7123.000   0
 117  292  7096.000   0
 118  293  7074.000   0
